50
63
99
201
527
743
1091
1361
1925
1970
2200
2370
2698
3075
3443
4023
4048
4555
5124
5444
5507
5702
5757
6360
6502
7432
7484
7932
8443
9052
9186
9260
9891
10552
11074
12870
13522
13765
13842
14657
14667
15397
15655
15951
15984
16382
16443
16709
16806
17037
17222
17534
18505
18610
19014
19593
20307
20599
21014
21312
21413
22250
22900
23396
23754
24533
24600
24710
25381
25476
25993
26078
26147
26267
26451
26749
27886
28413
28509
28703
28767
28776
29213
29268
29406
29670
30308
30315
30421
30830
31020
31388
31452
31655
31687
32023
32082
32279
32589
32705
