16382
1091
31687
22900
50
26451
4048
27886
16709
29406
15655
16443
21413
15397
28767
18610
26147
19014
6502
26267
1970
8443
23396
25993
30315
25476
29670
22250
24533
9186
7484
31452
30308
12870
28703
11074
63
201
2200
32023
17222
28509
29213
3075
29268
5124
7932
9260
32705
21312
28413
15951
31020
23754
2370
527
20599
24710
3443
17037
13842
4023
24600
10552
26749
15984
5702
743
7432
14667
17534
25381
26078
9052
13522
4555
14657
28776
18505
30421
32279
20307
1925
30830
16806
6360
9891
32589
31388
5757
99
5444
32082
13765
19593
21014
1361
31655
5507
2698
